10,110
10,240
10,156
10,14
10,12
10,208
10,222
10,2
10,3
11,14
9,7
9,6
9,1
9,4
9,2
48,4
48,3
48,2
9,3
48,1
48,0
47,3
8,13
47,2
47,1
47,0
46,3
46,2
46,1
46,0
45,5
45,4
45,3
45,2
45,1
45,0
44,4
44,3
44,2
44,1
44,0
42,5
42,4
42,3
42,2
42,1
42,0
39,5
39,4
39,3
39,2
39,1
39,0
37,5
37,4
37,3
37,2
37,1
37,0
25,3
25,1
20,2
20,1
12,3
12,2
20,3
12,1
11,29
11,28
11,25
11,24
11,23
11,22
11,21
11,20
11,18
19,2
19,1
11,16
19,3
11,15
11,12
11,10
11,7
11,5
11,4
11,3
11,2
11,1
10,304
10,299
10,254
10,242
10,233
10,232
10,229
10,218
10,196
18,1
10,184
18,3
10,182
14,1
10,162
10,136
14,3
13,1
10,116
